cat /proc/bus/pci/devices

0000	80862560	0	        f8000008	               0	               0	               0	               0	               0	               0	         4000000	               0	               0	               0	               0	               0	               0	agpgart-intel
0010	80862562	10	        f0000008	        fc400000	               0	               0	               0	               0	               2	         8000000	           80000	               0	               0	               0	               0	               0	i915
00e8	808624c2	10	               0	               0	               0	               0	            2441	               0	               0	               0	               0	               0	               0	              20	               0	               0	uhci_hcd
00e9	808624c4	13	               0	               0	               0	               0	            2461	               0	               0	               0	               0	               0	               0	              20	               0	               0	uhci_hcd
00ef	808624cd	17	        fc480000	               0	               0	               0	               0	               0	               0	             400	               0	               0	               0	               0	               0	               0	ehci_hcd
00f0	8086244e	0	               0	               0	               0	               0	               0	               0	               0	               0	               0	               0	               0	               0	               0	               0
00f8	808624c0	0	               0	               0	               0	               0	               0	               0	               0	               0	               0	               0	               0	               0	               0	               0
00f9	808624cb	12	             1f0	             3f6	             170	             376	            24a1	        20000000	               0	               8	               0	               8	               0	              10	             400	               0	ata_piix
00fb	808624c3	b	               0	               0	               0	               0	            fc01	               0	               0	               0	               0	               0	               0	              20	               0	               0
00fd	808624c5	11	            2001	            2401	        fc480400	        fc480600	               0	               0	               0	             100	              40	             200	             100	               0	               0	               0	snd_intel8x0
** 0520	144a7250	10	               0	            1801	            1c41	               0	               0	            1001	               0	               0	              80	              10	               0	               0	             100	               0	PCI-7250 Driver
0540	8086103b	14	        fc500000	            1c01	               0	               0	               0	               0	               0	            1000	              40	               0	               0	               0	               0	               0	e100
**0548	144a7250	12	               0	            1881	            1c51	               0	               0	            1401	               0	               0	              80	              10	               0	               0	             100	               0	PCI-7250 Driver
